   4.4562919539393597e+01
   2.3297647820208183e+00
   4.6656686868671088e+01
   9.6139153837601370e+00
   3.4696265113973539e+01
   2.2886230625991789e+01
   1.5428928124249685e+01
   1.4057915819633156e+01
   1.7682671493421008e+01
   3.6694107411702794e+00
   1.0754349079587378e+01
   1.1477298064818307e+01
   2.7895882077073811e+01
   9.3086195117548645e+00
   5.6067110018127764e+01
   3.1326903818254817e+00
   6.3360336622214817e+00
   1.2863816903001997e+01
   4.9249817030820246e+01
   3.2118479507504333e+01
   6.8329252018431639e+00
   5.2413557023706758e+01
   2.2388491055584097e+00
   1.4938189343617033e+01
   5.0361078006515836e+00
   1.9690236335213076e+01
   1.3805087034519296e+01
   7.9490158061947316e+00
   1.5644917506314734e+01
   1.0445485762570588e+01
   5.1582525583875958e+00
   1.5544771088012794e+00
   2.2044641582300272e+01
   1.4385618410293921e+01
   2.1562175701257495e+01
   1.7048095898586556e+01
   1.3830538591238721e+02
   1.9235620323815336e+01
   3.0497431590680360e+01
   1.5960897231445500e+01
   6.7314689775807999e+00
   2.4800504223360651e+00
   6.5026647520646446e+00
   1.2150047843467775e+00
   2.9393451551174607e+01
   3.1875347701372680e+00
   3.7916369792534693e-01
   3.0444460179797584e+01
   7.9339811219474381e+00
   7.2188394334782018e+01
   1.9516757184723488e+01
   2.1566282700882294e+01
   2.6028479253725906e-01
   3.1424435885933878e+01
   6.2951504476020610e+01
   4.5146715460079703e+00
   2.1072128807448458e+01
   5.6424308655929662e+00
   2.5117825340830731e+00
   5.8812253182824685e+00
   4.9383047959117562e+01
   4.0665638427959934e+00
   3.4785364539384136e+00
   1.6109421964981113e+01
   1.9056387637327477e+00
   1.6750023912888629e+01
   1.0903713761836663e-01
   2.3162017571512994e+01
   5.7968414009056293e+00
   2.9810406499244333e+01
   5.3806397613457877e+00
   4.0948042310728550e+00
   2.3484436435665206e+01
   9.8991473430756072e-01
   6.4897164080473289e+00
   3.2887673200782399e+00
   1.6514208076451727e+01
   6.6727752670162124e+00
   3.0713195357948022e+00
   1.0648229413771868e+00
   9.8607232892562469e-01
   2.5556760841442401e+01
   6.4661323497678342e+00
   3.3005832403577839e-01
   4.8051033092159159e+00
   6.6312739972852164e+00
   4.4981510150733568e+00
   2.9477166670714929e+00
   8.2749763893827328e+00
   5.1246861711195120e+00
   4.6658354798914710e+00
   1.3744824615284814e+00
   1.1957818364899136e+01
   2.8492571569209161e+01
   8.1077397208764914e+00
   6.7387802134949082e+00
   4.0528209604800605e+00
   3.7032952758049436e+00
   1.2210822280604765e+01
   3.9752868903513978e+01
   1.4470422646777664e+01
   3.1753122245959993e+01
   9.5604654289136519e+00
   1.7183177800860243e+01
   2.7606520851783558e+00
   1.6644675403498439e+01
   2.3898777882046343e+00
   5.0023388255816981e+00
   1.3549285707154809e+01
   3.5258989302658232e+00
   1.9290171729308206e+01
   7.0243761624038648e+00
   2.1266139376390139e+00
   1.5435265944096876e+01
   2.6038118418872319e-01
   5.1224548735227211e+00
   1.5545357807211719e+00
   1.2648854146161266e+01
   3.3847062076677417e+00
   3.9046484359321636e+00
   8.6860047491260151e+00
   2.3000876822935417e+00
   1.3406969980915752e+01
   1.2657632944660174e+01
   1.0893875690581064e+01
   8.8313617146991259e+00
   8.3535125413040046e+00
   2.1536165068045456e+01
   3.0967203651914048e+01
   8.6421714654850277e+00
   1.1090708087545316e+00
   1.0522852274849701e+00
   3.8638589940326691e+00
   3.6851869490436395e+00
   3.2630043419139056e+01
   3.8998681267852277e+01
   5.5624157227526823e+00
   4.9475276636991365e+00
   7.8406408470321880e+00
   2.3468964350373875e+00
   9.2622432411274325e+00
   2.3256805244492678e+01
   3.3865887931343974e+00
   2.3529661644183304e+00
   4.7476175898880761e+00
   3.9648360273353445e-01
   4.6272153294338775e-01
   6.9457941067519702e+00
   4.7612221589719423e+00
   2.4125293177120164e+00
   7.2104580109826619e+00
   3.3613060111290466e+01
   9.2158725325139805e+00
   1.3388417081095861e+01
   9.9346281832564642e+00
   8.0970839633116718e+00
   5.7514622984607708e+00
   9.0041906888007244e+00
   1.4673782524085279e+01
   1.0401042952136448e+00
   3.5040825234487912e+01
   1.2668746240978312e+01
   1.8744101152839669e+01
   1.1705033844222875e+01
   2.0390672125407608e+01
   2.6711173206117397e+01
   3.3741921142605889e+01
   3.8250476574621331e+01
   2.4757776733074937e+00
   3.7578769412084583e+01
   2.1899403247058778e+01
   1.2872733003851170e+01
   1.3891830556430715e-01
   1.5903707042348394e+00
   4.0990094848312808e+01
   4.2453981378894294e+00
   3.8859244483411498e-01
   1.8268112032369059e+00
   2.8213381705232592e+01
   5.9662802516007154e+01
   1.5694858652450971e+01
   8.2696734013068562e-01
   1.8067014045246623e+01
   5.4366340832262567e+00
   2.4751018422353731e+01
   6.9361584555478501e+01
   2.1818850683481489e+01
   5.2342495466080141e+00
   1.6718963287870686e+01
   9.8752628449103650e+00
   7.3708979926896419e+00
   7.8632436086916186e+00
   1.4166983405300698e+01
   1.5735029521967187e+01
   2.0662559596912768e+01
   2.9764894028453611e+01
   1.0072533194305445e+01
   4.4991995694526572e+01
   3.1708261047651218e+00
   2.0646821230468806e+01
   5.3027293529730827e+01
   3.4887836402952335e+00
   4.7090523971681058e+01
   1.5516979481535369e+01
   5.6347579253126225e+00
   8.4654024552451794e+00
   6.4893293959460729e+00
   3.2378942843617381e-01
   8.9323027056632380e+00
   2.7726921501869097e+00
   2.5562987285354065e+01
   1.3793346560767320e+01
   4.1782784347493447e+00
   5.7464042846132530e+00
   4.5707679451832330e+00
   6.3360879402560872e+00
   3.8160890404209162e+01
   7.9576142518466997e-01
   7.5431961987724518e+00
   1.0974134946409393e+01
   1.6870675181469708e+00
   2.1702431869816419e+01
   3.9647311174951994e+01
   1.7486130053229093e+01
   1.6791209637679323e+00
   7.8741442750183532e-01
   1.2233505675904837e+01
   1.4534397666417505e+01
   1.6779634239497270e+01
   2.1531056846208358e+01
   2.7412461597501860e+01
   5.8385782033559707e+01
   2.1695100326721944e-01
   1.9776274245596269e+01
   2.2656146643578303e+01
   9.3388183985255224e-01
   4.8920366726589753e-01
   7.5446897934228367e+00
   1.0862572395856191e+01
   9.3877836361289067e+00
   1.5039948088481574e+00
   6.3138990658025564e+00
   4.6001940821071807e+00
   2.9342813538657257e+01
   5.6768303864892724e+00
   1.5443845603835984e+00
   1.7742262944421480e+01
   9.3582155503748798e-01
   2.9514705265010697e+01
   3.1161006959546878e+01
   1.3712634850965662e+01
   1.1867592843513844e+01
   4.2094165631756582e+01
   2.1945244848633214e+00
   4.5959523296399205e+01
   7.2743974242344098e+00
   1.5791991396333501e+01
   5.6285026953811279e-01
   2.8830101563229203e+01
   8.0633172302283729e+00
   4.5976189275671020e+00
   1.8845216306263669e+01
   3.1527772497241666e+00
   1.5335172754372856e+01
   9.7600277863938842e+00
   2.0563833720711731e+01
   7.2047833551324567e+00
   1.0085879611258816e+01
   5.6142270762163617e+00
   1.1697125854232674e+01
   1.5955996736058184e+01
   6.7874182993719403e+00
   3.2692834794864480e+00
   7.3819342976332605e+00
   2.7705327657705059e+01
   5.9497334120081675e+01
   1.5482001213568322e+00
   6.9151013027296448e+00
   3.0026674439940592e+01
   2.8084258027502906e-01
   2.2119595047644783e+01
   4.8207640388988189e+00
   2.0423399525913748e+00
   1.6006576596232517e+01
   2.1945464571832374e+00
   5.3424680936470477e+00
   1.4620862280916743e+01
   7.2011062451363221e+00
   3.6488599006135452e+01
   2.2111819490490070e+01
   6.5915973837081132e-01
   1.4337232867377351e+01
   5.6973942374459634e+00
   1.4777939455817158e+01
   1.6596263402910278e+00
   2.1465043593103680e+01
   4.1794184683001610e+01
   2.6517313399220059e+00
   4.0594227555953914e+01
   5.1857280996488262e+00
   7.5988501297353210e+01
   1.3664881433057177e+00
   1.6560431014669245e+01
   1.0524033661296512e+01
   6.5695618444955324e+00
   2.0192581854069338e+01
   5.9584988031012154e+00
   7.1574283075365921e+00
   6.6803160858143666e+00
   3.8765049888720526e+01
   2.9820959533392166e+01
   1.2127907863160791e+01
   4.5817859495514623e+00
   5.8044817034556093e+00
   7.6788970253457087e+00
   2.7099911345661443e+01
   4.5835498068074774e+00
   9.1009654528499002e+00
   3.8605820012747682e+00
   1.7501688293803994e+01
   1.1346358578485113e+01
   9.5057574744014488e+00
   1.1973751213629276e+01
   3.2176211929887714e+01
   1.4251547640604231e+01
   3.7119289183744243e+01
   8.2328443917535576e+00
   7.9806295412682458e+00
   1.3456015919055925e+01
   9.0681139921079836e+00
   4.6518821092920696e+01
   1.5317068193470909e+01
   1.0380949633449070e+00
   3.8182999722820297e+00
   2.5721671477242364e+01
   1.1624024512807939e+01
   4.6171155477842953e+00
   3.3121223673934677e+00
   1.1320863408498786e+01
   7.9448101435139487e+00
   1.0264874597933574e+01
   1.0073954459740380e+01
   8.2746131743277018e-01
   5.0913082139755787e+01
   5.5279587985721690e+01
   6.7877228648798029e+00
   6.9674939574109365e+00
   5.4538348127236818e+00
   1.9542023122095728e-01
   3.6377415995318421e+00
   4.7704491265217044e+01
   2.6265604234727560e+00
   1.2430914765594490e+00
   5.5162606272044910e+00
   7.7451053950715831e-01
   1.4857472013034968e+01
   1.2981854428410919e+01
   5.9564837210213231e+00
   9.9851275315270573e+00
   5.9846269700068806e+00
   2.2904348824922209e+01
   9.0827456472476764e-01
   4.1279427807492993e+01
   2.4246509261468002e+01
   8.5514366101777894e-01
   8.5114626536091400e+00
   3.0963329611602820e+01
   2.5277060335781658e+00
   1.8492862992751743e+01
   2.3087157602981112e+01
   4.5731543988668673e+00
   1.2465723395922229e+01
   7.6524274775172074e+00
   1.2188579097091516e+01
   7.1057074472052251e-01
   1.4920898422059757e+01
   3.7675371986049111e+00
   6.8854972468765681e+00
   2.1216591111541199e+01
   3.6915920357036653e+00
   1.3335493868021377e+01
   5.4070161348295347e+00
   2.6317918567783001e+00
   1.7783613411218138e+00
   3.6692101333139874e+01
   2.1144772370587170e+00
   5.9067621082611561e+00
   6.2510969342884898e+01
   1.5895430367779080e+00
   5.8021106949695984e+01
   4.9133968342712624e+00
   2.1358661968393879e+01
   5.0939306504478195e+00
   3.6837655749248768e+01
   4.4753499716924233e-01
   1.6942153708129744e+01
   1.6493163548192813e+00
   1.5739928814586158e+01
   5.5383668796151770e+00
   6.2177353563537139e+00
   2.9874154140105302e+00
   8.9468051510523559e+00
   2.6580632905125704e+01
   5.0792645785096291e-01
   2.8121948064322783e-01
   3.4849412850584606e+01
   1.0911669583754520e+00
   6.1477357253099427e+01
   1.5504175231274289e+01
   1.7486044073493576e-01
   2.5411966685987686e+00
   5.1383477730412203e+01
   1.7201107514660961e+01
   3.3325464241541894e+01
   3.2541500129942868e+01
   7.7046983867483754e-01
   3.5982967521763598e+01
   6.2485507253091042e+00
   2.1702037934741263e+00
   7.7726655280424195e+00
   1.8618927619639329e+01
   6.8587294607645362e+00
   8.8585109022655981e+00
   2.0306934557156172e+01
   1.1392330021353237e+01
   2.6448028919225091e+00
   3.4475756145975600e-01
   2.7170631422276045e+01
   1.6424520359243520e+01
   7.1626841433365215e+01
   3.5385125317860942e+00
   1.1121948034526131e+01
   2.6312551550923260e+01
   1.1151652951242776e+01
   9.3211205910926527e+00
   2.3657995483734187e+01
   3.4421458746817799e+00
   6.7201911366392055e+00
   5.4367729265199863e+01
   3.0236495098581035e+01
   3.5249277864015355e-01
   1.0378231908990461e+00
   4.0172635040067517e+00
   5.3624199125173417e+00
   4.5981799019230358e+00
   2.0808806703660274e+01
   3.6054310973357828e+00
   6.9282677967883655e-01
   1.7046259283562513e+01
   7.0446564134884762e+00
   1.5744531963574929e+01
   7.8961902798352650e+00
   3.6397272653862814e+01
   1.6257594896015357e+00
   1.0054644639304239e+01
   3.9060854954681659e+01
   1.0446167098341077e+00
   1.8544625802788990e+00
   6.6570177116712115e+00
   3.6866525856522863e+00
   3.2524784139822273e+01
   1.5259191623554123e+01
   8.5774218654015257e+00
   5.8513085326452130e-01
   2.3038357839821191e+00
   6.0206404803577449e+00
   7.5400273513860281e+00
   1.9314639979769296e+01
   1.2245901164724787e+01
   8.5029942431295762e+00
   1.0497179707024944e+01
   6.7787865493438755e+00
   5.9476827415731876e+01
   4.9895965770225130e+00
   8.6429576367916710e+00
   2.8256913516512845e+00
   4.4702440259317946e+01
   1.7096243086057672e+01
   6.4734558658474961e-01
   7.6351850307661637e+00
   2.9998657969069873e+00
   1.6650112553209922e+01
   2.1250784551418107e+01
   5.2629376816108593e+00
   1.0417953627436647e+01
   1.5820306936693784e+01
   1.0961575639335910e+01
   3.4540582662485062e+00
   4.8135549244291953e+00
   3.0076177580879810e+00
   3.5516634048788234e+01
   7.6815327830773414e+00
   7.1133243230691869e+00
   4.6810334897142214e+00
   2.3617174521656803e+01
   5.3319121529327056e+00
   1.4028909173532140e+01
   1.3662992724199460e+01
   7.2933255748671568e+00
   2.2782348103351858e+01
   4.6746613578533234e+00
   1.1607448922876323e+01
   1.6929535840209283e+01
   6.2823578380798550e-01
   1.6015629227374379e+01
   3.6325705012432088e+01
   3.1323636217927387e+01
   3.1148345489142343e+01
   2.2309763827263391e+00
   2.1621152160812245e+00
   3.1479033004554333e+00
   1.0226718349448269e+01
   7.5075106017236584e+00
   6.0159732287155858e+00
   4.6433399780946436e+00
   6.8817795052595701e+00
   6.5264228627690841e+01
   3.4608089388049526e+00
   2.0199065171040534e+01
   2.2542730709354060e+00
   1.3837528998175392e+01
   5.9035906993010523e-01
   4.4731268896218479e+00
   4.5943689789140606e+01
   1.1319833129269007e+01
   6.0328879158806377e+00
   1.9588116080895706e+01
   4.0554410053188095e+00
   1.6310625007083456e+01
   6.3200465179881880e+00
   4.5736780163897643e+00
   2.0046775951767341e+01
   2.6376112104872758e+00
   6.4249524535320752e+00
   2.7016043630269598e-01
   1.2776738975991604e+00
   4.9251861997459812e+01
   2.9098898282206407e+00
   1.6520143775998941e-03
   1.9890268869893582e+01
   5.2675034110151287e+01
   6.2276683874352523e+00
   6.0937494190037157e+01
   6.2897025550138508e+01
   2.0231233388030168e+00
   7.0511547288382550e+00
   3.8927324440733024e+01
   1.9563369074404231e+00
   1.8379308111246765e+01
   1.7187201868238585e+01
   1.6617216061821701e+01
   3.3960929201939891e+01
   3.6698846619053054e+00
   1.6829042503872425e+00
   4.4647002794448625e+00
   1.2287437418171947e+01
   1.3736192236849015e-01
   6.0582682976214242e-01
   1.4519135908087584e+01
   2.5259888923250862e+00
   1.8448537460782046e+00
   2.2976925279079197e+01
   5.8176500338590991e+00
   1.3561339971909232e+01
   1.9158598219140024e+00
   2.6168915651327512e-01
   9.9423581928424412e+00
   1.3882238340480754e+01
   2.3875559122880716e+01
   6.9213128181624590e+00
   1.9146381072619402e+01
   2.5900357241420835e+01
   1.3638567126533049e+01
   8.0125225896237886e+00
   8.5159216895729060e+00
   1.8057484422948964e+00
   2.4036258605846177e+00
   8.7435802660192916e+00
   1.3729553073258531e+01
   4.6615310385011384e+00
   3.0188468869617491e+01
   1.8408920033098418e+01
   1.8394332360998117e+01
   3.9504532213309579e-01
   1.0315717359539908e+01
   2.5654735706502954e+01
   8.1948993674079915e+00
   3.9448069105965553e+00
   1.6071980517328488e+01
   3.3717919227016520e+00
   2.6805652555560215e+01
   1.0519828886435343e+01
   1.7582063285567124e+01
   1.5394400079444964e+01
   2.2071784866744544e+01
   1.9424425015867421e+01
   2.4695132292538165e+01
   2.7790679994533329e+00
   1.0337695963927970e+01
   1.8581128163368621e+01
   5.6291400092569326e+00
   4.5742386881274193e+00
   3.8429822315602529e+01
   7.1315106286380070e+00
   3.8642583909552599e+01
   3.4843360807112411e+01
   3.0584829230325123e+00
   7.3600126809120814e-01
   1.0723717710411735e+01
   5.0128562071116427e+00
   2.6268579913706116e+01
   2.3183971611826884e+01
   6.2364499308735810e-01
   2.1568941635473305e+01
   2.5439826938163524e+01
   3.4179902370267158e+01
   2.7386561870275148e+01
   5.5573404602675815e+01
   3.6136670079816700e+00
   5.7757281816197647e+01
   2.0534922253916974e+01
   1.8159267527124936e+01
   2.5225472693359549e+01
   3.8912987155238874e+01
   4.5865390770605543e+01
   1.5501065645725074e+00
   4.1500720875368241e-01
   2.3898357077068411e+01
   1.0212090445324154e+01
   4.6679992874222814e-01
   1.1591162881304622e+00
   9.8763339575453912e+00
   9.1137729929031130e-01
   1.7436016605430169e+01
   1.4992497817366544e+01
   1.0222718998549944e+01
   2.1102901705039439e+00
   4.3219685060520057e+01
   2.5024124649969803e+01
   1.5816380090578912e+00
   8.6621654313904983e+01
   7.2507222544129766e+00
   4.1974895831792715e+01
   4.8186906468690420e+00
   8.9406558523073265e+00
   5.1294162663274614e+00
   8.8152123672978853e+00
   4.7499582739565902e+01
   6.8146195277976265e+00
   2.6820590057920102e+00
   3.5445419843089465e-02
   5.8678322913319931e+00
   4.8062349112562636e-01
   1.8752339599742367e+01
   6.1609174638985564e+00
   6.7259139444972753e+00
   2.4160653307636570e+00
   3.8076768567313684e+00
   2.0758878852219587e-01
   1.5409534336781796e+01
   1.2826300591614675e+01
   5.7369801894479378e-01
   8.7289732525115871e-01
   3.3820068988598497e+00
   8.0800714638013567e+00
   4.5514577080430726e+01
   1.1226682187036502e+01
   2.8750787799270093e+01
   1.3415384918511645e+01
   2.5766725309261041e+01
   3.7887090492357309e+01
   3.1285301569925384e+01
   2.4013631485242879e+01
   2.7834067187802624e+01
   5.4810596682759382e+01
   1.4081638679729885e+01
   7.2542015265733824e+00
   1.6225551259462037e+01
   1.9855850485473825e+00
   4.1957720650166808e+00
   1.7096476843513484e+00
   6.8568485368677017e+00
   1.7538766853522020e+01
   5.4046553790781836e+01
   3.5519376474559121e+00
   3.5499886891015446e+00
   4.1197481657156683e+00
   2.9131326963104360e+00
   2.5971913250818508e+00
   7.9218293263523556e+00
   1.5934140734466300e+01
   4.9812152676717098e+01
   3.9415002334985104e+01
   8.4124035638853698e+00
   1.3651548219405626e+01
   2.6748815337847262e+01
   1.1071993301866172e+01
   1.0519798090908889e+01
   1.5081256824001715e-01
   1.3433870687986708e+01
   5.5694100266020268e+00
   6.9468659874448555e+00
   6.6703028925147114e+00
   1.7158032684875497e+01
   2.4004067240172478e+00
   3.3944257518048886e+01
   4.1555995073345436e+01
   4.2271664534368076e+00
   2.4685177864506183e+01
   2.2979885626100844e+00
   1.3165360723541539e+01
   6.1261752080590909e+01
   1.1660306847478164e+01
   1.6443347485297679e+01
   7.4487044787295007e+00
   3.8556645455290113e+00
   6.4518794007362645e+00
   3.3103321099051442e+01
   2.0672280546578278e+01
   2.4827949293649457e+01
   2.3646708236669062e-01
   3.0690957567176863e+01
   8.2871354395614389e+01
   1.0063223494860241e+01
   1.0901042906941523e+01
   6.7493275053828627e+00
   1.0266529106720244e+01
   2.5417262477302165e+00
   2.2783129998962544e+01
   5.9742484866037572e+01
   2.6504910052282273e+00
   2.0012671138351198e+01
   2.8137747125245703e+01
   2.8157219559904547e+00
   6.3830333371715886e+00
   3.4480110739213650e+01
   8.3654904847918328e+00
   3.9679342652341241e+01
   6.4290396403731691e+00
   7.2953438132725097e+00
   7.4123551208169836e-01
   5.4677080965736842e+00
   2.6786796791611334e+00
   3.0152283988354760e+01
   5.1239817185571589e+01
   1.2098933632674783e+01
   3.3814516994414836e+00
   1.4430453928605123e+00
   4.4551732108894654e-01
   1.8597651680688802e+01
   1.8460208173030637e+00
   7.4365419360830929e+00
   5.1378491823384431e-01
   1.6292312039998427e+00
   1.6308497292596289e+01
   8.4836107476260221e+00
   4.5400562140911589e+00
   2.1829848789603158e+01
   1.5516970996965499e+01
   8.8541871821758278e+00
   5.2561516455256935e+01
   1.0643642015261948e+01
   2.1923129662782266e+00
   5.1117929218510966e+01
   8.1117801689795210e-01
   7.0672727359617198e+01
   1.6276857164738999e+01
   7.9369338486193417e+00
   1.0091222251680366e+01
   1.6821342727228572e+00
   9.4754526963055099e+00
   6.8707948784044206e+01
   6.0891139382518791e+00
   8.0217998763423566e+00
   1.7337589803437975e+01
   2.5180940146473098e+01
   8.7832320325091491e+00
   3.7764750002921332e+01
   1.3318303921330536e+01
   8.3964683148937951e+01
   4.6005801579508301e+00
   4.9571491586753202e+00
   2.1994550949958985e+01
   5.7125091796031153e+00
   1.3174819806523798e+01
   2.3675636620459684e+01
   2.0456046164576129e+01
   2.9387692770034644e+00
   1.4201295277860748e-01
   6.4845341490334967e+00
   9.0706147303506093e+00
   5.5584970003620121e+01
   7.1447059871039862e+00
   1.6930650280897719e+00
   1.7590514586909527e+00
   7.7491055539258440e+00
   1.7751221645904220e+01
   5.9472467313979871e-01
   8.8610212578225269e+00
   5.9449000393977149e+00
   9.8667219858341575e+00
   3.0956899915981715e+01
   1.6609778057606913e+01
   9.0954721452804534e+00
   1.8049104989871424e+01
   2.9422926598683352e+00
   2.0194796431530442e+00
   4.3067140241543171e+01
   6.6815323110277358e+00
   1.4179942765412699e+00
   8.3895980788611819e+00
   3.7707700562813038e+01
   3.2912206894625953e+01
   4.3845621012142843e+01
   1.4574869927173712e+01
   1.5745789697117409e+00
   8.1938747632589737e-01
   2.0123306348492804e+01
   7.2222269877353433e+00
   1.2519962557515143e+00
   8.6797869945667784e+01
   1.3285650187236122e+00
   2.2271966879129361e+00
   2.5739916361039157e+01
   5.1016525846886802e+00
   2.5358075507827088e+01
   2.4620847090415086e+01
   9.3981890620923298e+00
   4.7254606538088328e+00
   9.6999609222695860e+00
   3.6783515153202167e+01
   1.6632613117879334e+01
   2.5543126823273319e+00
   5.3291843200855276e+00
   3.0946992905611207e+01
   1.9752248354481687e+00
   9.8089419746919102e+00
   1.8251604311600076e+00
   2.0499968850619847e+01
   2.8388928636961843e+00
   1.6313639464346021e+01
   5.9647237309080921e+01
   1.2218598259064461e+01
   4.7400194817539036e+00
   4.0932330931515111e+01
   3.6379558965161265e+00
   5.0197336979351697e+00
   3.6619981433461795e+01
   2.6511247409729282e+00
   7.3153092051421638e+00
   1.9927329044704365e+01
   2.8326869446313260e+01
   1.2455909224759905e+01
   2.0753390632325232e+01
   7.0738970940175792e+00
   2.1622562205688972e-01
   1.7898193902597168e+01
   3.3655806161006730e+01
   4.2293867721441302e+01
   1.5125767582137280e+01
   7.1355655273808134e+00
   3.3790127869114755e+01
   8.4003408274525775e+00
   4.2466772414853943e-01
   5.0981047894299829e+00
   6.7274498393098217e+00
   1.6473671339874434e+00
   1.1574085442129904e+01
   1.0081411370808485e+01
   8.1192973343219222e+01
   1.3227699956488090e+01
   1.5894319043230249e+01
   5.2907784793301254e+01
   2.1452046780630340e+01
   1.2318103986867373e+00
   4.1967764034669361e+00
   4.5678981069367325e+01
   3.5345860523158777e+01
   2.3697417954778213e+00
   4.5652736641388554e+00
   3.5413160792072675e+00
   1.3913811430799874e+00
   2.3220733976841178e+01
   7.6624992468469022e-01
   1.1460175456905132e+01
   5.6246567410623655e+01
   5.4006247598716408e+00
   6.6527325034846339e+00
   1.5833425946081380e+01
   1.7867955224502523e+00
   1.9077650263911579e+01
   9.7682742301820475e+00
   1.4087548328208733e+01
   1.0245143738763659e+01
   4.5085376223937097e+01
   2.4283714430109445e+01
   8.0482885632333656e-01
   2.6590901563624065e+00
   2.8729733345629437e+01
   2.5178500642500723e+01
   6.4858900241330080e+00
   8.1471424166694089e+00
   8.8161328263420369e-01
   4.9645699905361358e+00
   4.7498640406134980e+00
   1.5258129394469165e+01
   2.6546439082304140e+01
   1.1723624334735783e+01
   1.4605594455203992e+00
   2.3610625186199531e+01
   1.2577873827438323e+01
   2.2270308055878854e+00
   1.9492220505338430e+01
   2.9535310678703670e+01
   6.2069418290175111e+00
   1.9236009653136701e+00
   3.2748318741408480e+00
   3.5780226495977850e+01
   4.4511750772769084e+01
   1.0873160094874262e+01
   4.5492206068956191e+00
   1.1196229384328779e+01
   6.0775877840474424e+00
   3.3406861741884853e+01
   1.5487466063644478e+01
   1.5257952849693343e+01
   4.1788824426663780e+00
   3.4160863532165089e+00
   4.6497300502427041e+00
   5.9357011255117058e+00
   2.0858600250413659e+01
   3.4754205533687824e+01
   2.9121386002645618e+01
   5.1516785016703341e+00
   2.6829248777640654e+01
   1.0367690073417515e+00
   5.2399655171893556e+01
   2.0101893444498740e+00
   8.7038785599546920e+00
   4.0539532205721498e+00
   4.6111921940822150e+01
   5.3369911464108846e+00
   1.9897599435084860e+01
   1.5346049317527055e+00
   5.0050250788529240e+00
   1.0782815818471127e+01
   3.7178859136346589e+00
   1.8730442810074632e+00
   4.7195993782061741e+01
   6.7337563164813263e-02
   1.4648188755058371e+01
   1.2609118057891219e+01
   1.2039447578685079e+01
   1.7078877287593983e+01
   2.8375125338792668e+00
   2.0698029620803169e+01
   6.0092133329974597e+00
   7.9782035816339569e-01
   1.5910987533236181e+01
   1.3322543794424435e+01
   8.3451914293672811e+00
   4.3405775175915791e+00
   9.2696116036709437e+00
   3.8072197277706055e+00
   1.2130856207919560e+01
   6.0135228174735289e-01
   2.2038015520088359e+00
   1.1031011964485939e+01
   1.3878231421161438e+01
   8.9281199358734824e+00
   3.2132218689317860e+00
   3.1928434490930588e+01
   1.9768711391008402e+01
   3.5383024079166123e+00
   1.9818754568507726e+00
   1.5115303351075855e+01
   2.4755564649072270e+00
   5.9881643673068483e+00
   2.1098289540589401e+00
   1.7406653330371576e+01
   1.9397402131573166e+01
   3.8015624123162077e+01
   5.3578250037716302e+00
   1.6271850860631872e+01
   3.6730661412520092e+01
   6.1737016422240316e+01
   1.0052640059115344e+01
   8.3209713888428887e+00
   1.8439993606383997e+01
   2.3181287828517046e+01
   2.0539185023789761e+00
   4.5204551385623098e+01
   1.6971757050476409e+01
   1.5051704500864982e+01
   3.9551585112042181e-01
   7.4697173229250460e+00
   3.8304760316265867e+00
   3.7723524408790929e+00
   3.9042542593011348e+01
   2.3690374947422860e+01
